[gd_scene load_steps=38 format=3 uid="uid://b6ifdxvtog6xx"]

[ext_resource type="PackedScene" uid="uid://bxungw7glr712" path="res://hero.tscn" id="1_mh77w"]
[ext_resource type="Script" path="res://end_game.gd" id="1_olffm"]
[ext_resource type="PackedScene" uid="uid://bw83bjox7pk38" path="res://dragon.tscn" id="2_q6qcx"]
[ext_resource type="PackedScene" uid="uid://bohkahb862uev" path="res://soin.tscn" id="4_nh6js"]
[ext_resource type="AudioStream" uid="uid://dceu0flu3mljx" path="res://Epic Motivational Music - Born A Legend.mp3" id="5_g47wh"]
[ext_resource type="PackedScene" uid="uid://cegfr2dhl0neq" path="res://jeromiette.tscn" id="6_xfbcy"]
[ext_resource type="FontFile" uid="uid://dvwrrke6xi6ts" path="res://MedievalSharp-Regular.ttf" id="7_awscb"]
[ext_resource type="Script" path="res://VieBoss.gd" id="8_2r1lc"]

[sub_resource type="HeightMapShape3D" id="HeightMapShape3D_m2y8q"]

[sub_resource type="StandardMaterial3D" id="StandardMaterial3D_g7408"]
albedo_color = Color(0, 0.352941, 0, 1)

[sub_resource type="PlaneMesh" id="PlaneMesh_sxxen"]

[sub_resource type="StandardMaterial3D" id="StandardMaterial3D_0oq85"]
albedo_color = Color(0.192157, 0.0901961, 0, 1)

[sub_resource type="BoxMesh" id="BoxMesh_58jbf"]

[sub_resource type="BoxMesh" id="BoxMesh_s0fd5"]

[sub_resource type="StandardMaterial3D" id="StandardMaterial3D_rkaye"]
albedo_color = Color(0.192157, 0.0901961, 0, 1)

[sub_resource type="BoxMesh" id="BoxMesh_jwcwt"]

[sub_resource type="StandardMaterial3D" id="StandardMaterial3D_5pix7"]
albedo_color = Color(0.192157, 0.0901961, 0, 1)

[sub_resource type="BoxMesh" id="BoxMesh_k0cjc"]

[sub_resource type="StandardMaterial3D" id="StandardMaterial3D_t2ep3"]
albedo_color = Color(0, 0.596078, 0, 1)

[sub_resource type="SphereMesh" id="SphereMesh_0pajm"]

[sub_resource type="StandardMaterial3D" id="StandardMaterial3D_njrno"]
albedo_color = Color(0.45098, 0.152941, 0, 1)

[sub_resource type="CylinderMesh" id="CylinderMesh_do2ex"]

[sub_resource type="StandardMaterial3D" id="StandardMaterial3D_nussb"]
albedo_color = Color(0.290196, 0.0901961, 0.0862745, 1)

[sub_resource type="BoxMesh" id="BoxMesh_n5mnq"]

[sub_resource type="StandardMaterial3D" id="StandardMaterial3D_6531d"]
albedo_color = Color(0.188235, 0.188235, 0.188235, 1)

[sub_resource type="BoxMesh" id="BoxMesh_wn7ok"]

[sub_resource type="StandardMaterial3D" id="StandardMaterial3D_nulgx"]
albedo_color = Color(0.196078, 0.196078, 0.196078, 1)

[sub_resource type="BoxMesh" id="BoxMesh_lp787"]

[sub_resource type="CylinderMesh" id="CylinderMesh_ksau7"]

[sub_resource type="CylinderMesh" id="CylinderMesh_y43pk"]
top_radius = 0.0
bottom_radius = 7.43
height = 14.575

[sub_resource type="BoxMesh" id="BoxMesh_51bnh"]

[sub_resource type="BoxMesh" id="BoxMesh_bdmow"]

[sub_resource type="BoxMesh" id="BoxMesh_pm0xx"]

[sub_resource type="Curve3D" id="Curve3D_43uu3"]
_data = {
"points": PackedVector3Array(0, 0, 0, 0, 0, 0, -11.6757, 0.183639, 8.45615, 0, 0, 0, 0, 0, 0, -8.80248, 0.250266, -9.79415, 0, 0, 0, 0, 0, 0, 7.81824, 0.11524, -10.0649, 0, 0, 0, 0, 0, 0, 9.70217, -0.0568736, 12.8262, 0, 0, 0, 0, 0, 0, -11.5951, 0.18364, 8.47122),
"tilts": PackedFloat32Array(0, 0, 0, 0, 0)
}
point_count = 5

[sub_resource type="StandardMaterial3D" id="StandardMaterial3D_5mt7k"]
albedo_color = Color(0.333333, 0.333333, 0.333333, 1)

[sub_resource type="CylinderMesh" id="CylinderMesh_1efi7"]

[sub_resource type="LabelSettings" id="LabelSettings_vvtrc"]
font = ExtResource("7_awscb")
font_size = 25

[node name="EndGame" type="Node3D"]
script = ExtResource("1_olffm")
dragon_scene = ExtResource("2_q6qcx")

[node name="hero" parent="." instance=ExtResource("1_mh77w")]
transform = Transform3D(0.999396, 0, -0.0347425, 0, 1, 0, 0.0347425, 0, 0.999396, 1.0237, -0.392669, 15.659)

[node name="Environnement" type="StaticBody3D" parent="."]

[node name="CollisionShape3D" type="CollisionShape3D" parent="Environnement"]
transform = Transform3D(225.07, 0, 0, 0, 225.07, 0, 0, 0, 225.07, 0, 0, 0)
shape = SubResource("HeightMapShape3D_m2y8q")

[node name="MeshInstance3D" type="MeshInstance3D" parent="Environnement/CollisionShape3D"]
transform = Transform3D(0.481005, 0, 0, 0, 0.481005, 0, 0, 0, 0.481005, 0.00141275, 0.00154297, 0.00317012)
material_override = SubResource("StandardMaterial3D_g7408")
mesh = SubResource("PlaneMesh_sxxen")
skeleton = NodePath("")

[node name="Grotte" type="StaticBody3D" parent="."]

[node name="MeshInstance3D" type="MeshInstance3D" parent="Grotte"]
transform = Transform3D(0.645, 0, 0, 0, 5.145, 0, 0, 0, 9.335, 2.9028, 2.53754, 85.6491)
material_override = SubResource("StandardMaterial3D_0oq85")
mesh = SubResource("BoxMesh_58jbf")

[node name="MeshInstance3D5" type="MeshInstance3D" parent="Grotte"]
transform = Transform3D(0.404493, 0, -7.27124, 0, 13.565, 0, 0.502405, 0, 5.85417, 6.80068, 5.39667, 78.3001)
material_override = SubResource("StandardMaterial3D_0oq85")
mesh = SubResource("BoxMesh_58jbf")

[node name="MeshInstance3D12" type="MeshInstance3D" parent="Grotte"]
transform = Transform3D(0.404493, 0, -7.27124, 0, 13.76, 0, 0.502405, 0, 5.85417, -7.32301, 5.1572, 54.1922)
material_override = SubResource("StandardMaterial3D_0oq85")
mesh = SubResource("BoxMesh_58jbf")

[node name="MeshInstance3D7" type="MeshInstance3D" parent="Grotte"]
transform = Transform3D(0.644207, 0, 0.462685, 0, 12.92, 0, -0.0319692, 0, 9.32353, 10.3507, 5.73669, 70.8188)
material_override = SubResource("StandardMaterial3D_0oq85")
mesh = SubResource("BoxMesh_58jbf")

[node name="MeshInstance3D10" type="MeshInstance3D" parent="Grotte"]
transform = Transform3D(0.644207, 0, 0.462685, 0, 12.325, 0, -0.0319692, 0, 9.32353, 9.87653, 6.03771, 61.4808)
material_override = SubResource("StandardMaterial3D_0oq85")
mesh = SubResource("BoxMesh_58jbf")

[node name="MeshInstance3D8" type="MeshInstance3D" parent="Grotte"]
transform = Transform3D(0.644207, 0, 0.462685, 0, 12.575, 0, -0.0319692, 0, 9.32353, -10.2696, 5.68137, 70.8188)
material_override = SubResource("StandardMaterial3D_0oq85")
mesh = SubResource("BoxMesh_58jbf")

[node name="MeshInstance3D9" type="MeshInstance3D" parent="Grotte"]
transform = Transform3D(0.644207, 0, 0.462685, 0, 12.49, 0, -0.0319692, 0, 9.32353, -10.7088, 5.72362, 61.9142)
material_override = SubResource("StandardMaterial3D_0oq85")
mesh = SubResource("BoxMesh_58jbf")

[node name="MeshInstance3D6" type="MeshInstance3D" parent="Grotte"]
transform = Transform3D(-0.388638, 0, -7.45016, 0, 12.725, 0, 0.514767, 0, -5.62471, -6.45681, 5.61361, 78.3319)
material_override = SubResource("StandardMaterial3D_0oq85")
mesh = SubResource("BoxMesh_58jbf")

[node name="MeshInstance3D11" type="MeshInstance3D" parent="Grotte"]
transform = Transform3D(-0.388638, 0, -7.45016, 0, 12.825, 0, 0.514767, 0, -5.62471, 5.92906, 5.74561, 53.8674)
material_override = SubResource("StandardMaterial3D_0oq85")
mesh = SubResource("BoxMesh_58jbf")

[node name="MeshInstance3D24" type="MeshInstance3D" parent="Grotte"]
transform = Transform3D(0.0063651, 0, -7.65468, 0, 7.88, 0, 0.699971, 0, 0.0696069, -1.1929, 8.47616, 51.2235)
material_override = SubResource("StandardMaterial3D_0oq85")
mesh = SubResource("BoxMesh_58jbf")

[node name="MeshInstance3D2" type="MeshInstance3D" parent="Grotte"]
transform = Transform3D(0.645, 0, 0, 0, 5.145, 0, 0, 0, 9.335, -2.53386, 2.53754, 85.6491)
material_override = SubResource("StandardMaterial3D_0oq85")
mesh = SubResource("BoxMesh_58jbf")

[node name="MeshInstance3D3" type="MeshInstance3D" parent="Grotte"]
transform = Transform3D(0.00562863, -5.1448, 0, 0.644975, 0.0448982, 0, 0, 0, 9.335, 0.0720096, 4.79676, 85.6491)
material_override = SubResource("StandardMaterial3D_0oq85")
mesh = SubResource("BoxMesh_58jbf")

[node name="MeshInstance3D4" type="MeshInstance3D" parent="Grotte"]
transform = Transform3D(0.00562863, -6.21976, -1.49701e-10, 0.0302364, 0.00254461, -5.54889, 0.644266, 0.0542195, 0.260418, 0.0720096, 2.21387, 89.9718)
material_override = SubResource("StandardMaterial3D_0oq85")
mesh = SubResource("BoxMesh_58jbf")

[node name="MeshInstance3D17" type="MeshInstance3D" parent="Grotte"]
transform = Transform3D(0.00741758, -6.41476, -6.87136e-10, 0.0398474, 0.00262445, -7.4518, 0.849033, 0.0559193, 0.349733, 0.0720096, 8.72892, 81.1311)
material_override = SubResource("StandardMaterial3D_0oq85")
mesh = SubResource("BoxMesh_58jbf")

[node name="MeshInstance3D13" type="MeshInstance3D" parent="Grotte"]
transform = Transform3D(1.49, 0, 0, 0, 5.32, 0, 0, 0, 0.87, 1.7702, 2.40195, 51.2315)
mesh = SubResource("BoxMesh_s0fd5")

[node name="MeshInstance3D14" type="MeshInstance3D" parent="Grotte"]
transform = Transform3D(1.49, 0, 0, 0, 5.32, 0, 0, 0, 0.87, -3.01536, 2.40195, 51.2315)
mesh = SubResource("BoxMesh_s0fd5")

[node name="MeshInstance3D15" type="MeshInstance3D" parent="Grotte"]
transform = Transform3D(-0.00884178, 5.31991, 0, -1.48997, -0.0315693, 0, 0, 0, 0.87, -0.505495, 4.32727, 51.2309)
mesh = SubResource("BoxMesh_s0fd5")

[node name="MeshInstance3D16" type="MeshInstance3D" parent="Grotte"]
transform = Transform3D(19.9773, 0, 0.823943, 0, 0.975, 0, -0.841837, 0, 19.5526, -0.229656, 12.1222, 66.7025)
material_override = SubResource("StandardMaterial3D_rkaye")
mesh = SubResource("BoxMesh_jwcwt")

[node name="MeshInstance3D18" type="MeshInstance3D" parent="Grotte"]
transform = Transform3D(6.77, 0, 0, 0, 0.715, 0, 0, 0, 4.445, 0, 12.2856, 78.5044)
material_override = SubResource("StandardMaterial3D_5pix7")
mesh = SubResource("BoxMesh_k0cjc")

[node name="MeshInstance3D21" type="MeshInstance3D" parent="Grotte"]
transform = Transform3D(5.93, 0, 0, 0, 0.715, 0, 0, 0, 6.745, -0.701799, 12.2654, 54.1834)
material_override = SubResource("StandardMaterial3D_5pix7")
mesh = SubResource("BoxMesh_k0cjc")

[node name="MeshInstance3D22" type="MeshInstance3D" parent="Grotte"]
transform = Transform3D(3.48133, 0, 7.18552, 0, 0.66, 0, -4.76344, 0, 5.2515, 4.00195, 12.2674, 55.878)
material_override = SubResource("StandardMaterial3D_5pix7")
mesh = SubResource("BoxMesh_k0cjc")

[node name="MeshInstance3D23" type="MeshInstance3D" parent="Grotte"]
transform = Transform3D(3.6251, 0, -7.02189, 0, 0.66, 0, 4.65496, 0, 5.46836, -5.77195, 12.2674, 56.2907)
material_override = SubResource("StandardMaterial3D_5pix7")
mesh = SubResource("BoxMesh_k0cjc")

[node name="MeshInstance3D19" type="MeshInstance3D" parent="Grotte"]
transform = Transform3D(4.29798, 0, 4.86478, 0, 0.685, 0, -5.41707, 0, 3.85979, -3.88561, 12.2856, 76.2178)
material_override = SubResource("StandardMaterial3D_5pix7")
mesh = SubResource("BoxMesh_k0cjc")

[node name="MeshInstance3D20" type="MeshInstance3D" parent="Grotte"]
transform = Transform3D(-4.57899, 0, 5.90799, 0, 0.56, 0, -5.1215, 0, -5.28217, 4.60956, 12.4438, 75.8604)
material_override = SubResource("StandardMaterial3D_5pix7")
mesh = SubResource("BoxMesh_k0cjc")

[node name="Soin" parent="." instance=ExtResource("4_nh6js")]
transform = Transform3D(2.5, 0, 0, 0, 2.5, 0, 0, 0, 2.5, 7.43627, 0.794913, 59.1169)

[node name="Soin2" parent="." instance=ExtResource("4_nh6js")]
transform = Transform3D(2.5, 0, 0, 0, 2.5, 0, 0, 0, 2.5, -6.90209, 0.891699, 59.1169)

[node name="Forêt" type="StaticBody3D" parent="."]

[node name="Arbre" type="StaticBody3D" parent="Forêt"]
transform = Transform3D(1, 0, 0, 0, 1, 0, 0, 0, 1, 2.86588, 1.41324, 49.5674)

[node name="MeshInstance3D" type="MeshInstance3D" parent="Forêt/Arbre"]
transform = Transform3D(1, 0, 0, 0, 1, 0, 0, 0, 1, 0, 3.66064, -0.625908)
material_override = SubResource("StandardMaterial3D_t2ep3")
mesh = SubResource("SphereMesh_0pajm")

[node name="MeshInstance3D2" type="MeshInstance3D" parent="Forêt/Arbre"]
transform = Transform3D(1, 0, 0, 0, 1, 0, 0, 0, 1, 0.386698, 4.04613, -0.625908)
material_override = SubResource("StandardMaterial3D_t2ep3")
mesh = SubResource("SphereMesh_0pajm")

[node name="MeshInstance3D3" type="MeshInstance3D" parent="Forêt/Arbre"]
transform = Transform3D(1, 0, 0, 0, 1, 0, 0, 0, 1, 0.817178, 4.21923, -0.625908)
material_override = SubResource("StandardMaterial3D_t2ep3")
mesh = SubResource("SphereMesh_0pajm")

[node name="MeshInstance3D4" type="MeshInstance3D" parent="Forêt/Arbre"]
transform = Transform3D(1, 0, 0, 0, 1, 0, 0, 0, 1, 1.34679, 4.21923, -0.625908)
material_override = SubResource("StandardMaterial3D_t2ep3")
mesh = SubResource("SphereMesh_0pajm")

[node name="MeshInstance3D5" type="MeshInstance3D" parent="Forêt/Arbre"]
transform = Transform3D(1, 0, 0, 0, 1, 0, 0, 0, 1, 1.87347, 4.21923, -0.625908)
material_override = SubResource("StandardMaterial3D_t2ep3")
mesh = SubResource("SphereMesh_0pajm")

[node name="MeshInstance3D6" type="MeshInstance3D" parent="Forêt/Arbre"]
transform = Transform3D(1, 0, 0, 0, 1, 0, 0, 0, 1, 2.39772, 3.8582, -0.625908)
material_override = SubResource("StandardMaterial3D_t2ep3")
mesh = SubResource("SphereMesh_0pajm")

[node name="MeshInstance3D7" type="MeshInstance3D" parent="Forêt/Arbre"]
transform = Transform3D(1, 0, 0, 0, 1, 0, 0, 0, 1, 2.71542, 3.28485, -0.625908)
material_override = SubResource("StandardMaterial3D_t2ep3")
mesh = SubResource("SphereMesh_0pajm")

[node name="MeshInstance3D8" type="MeshInstance3D" parent="Forêt/Arbre"]
transform = Transform3D(1, 0, 0, 0, 1, 0, 0, 0, 1, 3.04168, 2.75424, -0.625908)
material_override = SubResource("StandardMaterial3D_t2ep3")
mesh = SubResource("SphereMesh_0pajm")

[node name="MeshInstance3D9" type="MeshInstance3D" parent="Forêt/Arbre"]
transform = Transform3D(1, 0, 0, 0, 1, 0, 0, 0, 1, 3.04168, 2.18204, -0.625908)
material_override = SubResource("StandardMaterial3D_t2ep3")
mesh = SubResource("SphereMesh_0pajm")

[node name="MeshInstance3D10" type="MeshInstance3D" parent="Forêt/Arbre"]
transform = Transform3D(1, 0, 0, 0, 1, 0, 0, 0, 1, 2.62068, 1.67883, -0.625908)
material_override = SubResource("StandardMaterial3D_t2ep3")
mesh = SubResource("SphereMesh_0pajm")

[node name="MeshInstance3D20" type="MeshInstance3D" parent="Forêt/Arbre"]
transform = Transform3D(1, 0, 0, 0, 1, 0, 0, 0, 1, 2.3616, 1.38262, -0.625908)
material_override = SubResource("StandardMaterial3D_t2ep3")
mesh = SubResource("SphereMesh_0pajm")

[node name="MeshInstance3D21" type="MeshInstance3D" parent="Forêt/Arbre"]
transform = Transform3D(1, 0, 0, 0, 1, 0, 0, 0, 1, 2.3616, 1.38262, -0.625908)
material_override = SubResource("StandardMaterial3D_t2ep3")
mesh = SubResource("SphereMesh_0pajm")

[node name="MeshInstance3D11" type="MeshInstance3D" parent="Forêt/Arbre"]
transform = Transform3D(1, 0, 0, 0, 1, 0, 0, 0, 1, -0.341336, 3.25447, -0.625908)
material_override = SubResource("StandardMaterial3D_t2ep3")
mesh = SubResource("SphereMesh_0pajm")

[node name="MeshInstance3D12" type="MeshInstance3D" parent="Forêt/Arbre"]
transform = Transform3D(1, 0, 0, 0, 1, 0, 0, 0, 1, -0.341336, 2.66906, -0.625908)
material_override = SubResource("StandardMaterial3D_t2ep3")
mesh = SubResource("SphereMesh_0pajm")

[node name="MeshInstance3D13" type="MeshInstance3D" parent="Forêt/Arbre"]
transform = Transform3D(1, 0, 0, 0, 1, 0, 0, 0, 1, -0.341336, 2.06176, -0.625908)
material_override = SubResource("StandardMaterial3D_t2ep3")
mesh = SubResource("SphereMesh_0pajm")

[node name="MeshInstance3D14" type="MeshInstance3D" parent="Forêt/Arbre"]
transform = Transform3D(1, 0, 0, 0, 1, 0, 0, 0, 1, -0.125173, 1.51039, -0.625908)
material_override = SubResource("StandardMaterial3D_t2ep3")
mesh = SubResource("SphereMesh_0pajm")

[node name="MeshInstance3D15" type="MeshInstance3D" parent="Forêt/Arbre"]
transform = Transform3D(1, 0, 0, 0, 1, 0, 0, 0, 1, 0.485603, 1.40429, -0.625908)
material_override = SubResource("StandardMaterial3D_t2ep3")
mesh = SubResource("SphereMesh_0pajm")

[node name="MeshInstance3D16" type="MeshInstance3D" parent="Forêt/Arbre"]
transform = Transform3D(1, 0, 0, 0, 1, 0, 0, 0, 1, 0.872167, 1.40429, -0.625908)
material_override = SubResource("StandardMaterial3D_t2ep3")
mesh = SubResource("SphereMesh_0pajm")

[node name="MeshInstance3D17" type="MeshInstance3D" parent="Forêt/Arbre"]
transform = Transform3D(1, 0, 0, 0, 1, 0, 0, 0, 1, 1.48502, 1.40429, -0.625908)
material_override = SubResource("StandardMaterial3D_t2ep3")
mesh = SubResource("SphereMesh_0pajm")

[node name="MeshInstance3D18" type="MeshInstance3D" parent="Forêt/Arbre"]
transform = Transform3D(1, 0, 0, 0, 1, 0, 0, 0, 1, 1.87247, 1.40429, -0.625908)
material_override = SubResource("StandardMaterial3D_t2ep3")
mesh = SubResource("SphereMesh_0pajm")

[node name="MeshInstance3D22" type="MeshInstance3D" parent="Forêt/Arbre"]
transform = Transform3D(-0.0296488, 0, 0.99956, 0, 1, 0, -0.99956, 0, -0.0296488, 1.26211, 3.66064, 0.632431)
material_override = SubResource("StandardMaterial3D_t2ep3")
mesh = SubResource("SphereMesh_0pajm")

[node name="MeshInstance3D23" type="MeshInstance3D" parent="Forêt/Arbre"]
transform = Transform3D(-0.0296488, 0, 0.99956, 0, 1, 0, -0.99956, 0, -0.0296488, 1.25064, 4.04613, 0.245903)
material_override = SubResource("StandardMaterial3D_t2ep3")
mesh = SubResource("SphereMesh_0pajm")

[node name="MeshInstance3D24" type="MeshInstance3D" parent="Forêt/Arbre"]
transform = Transform3D(-0.0296488, 0, 0.99956, 0, 1, 0, -0.99956, 0, -0.0296488, 1.23788, 4.21923, -0.184387)
material_override = SubResource("StandardMaterial3D_t2ep3")
mesh = SubResource("SphereMesh_0pajm")

[node name="MeshInstance3D25" type="MeshInstance3D" parent="Forêt/Arbre"]
transform = Transform3D(-0.0296488, 0, 0.99956, 0, 1, 0, -0.99956, 0, -0.0296488, 1.22218, 4.21923, -0.713764)
material_override = SubResource("StandardMaterial3D_t2ep3")
mesh = SubResource("SphereMesh_0pajm")

[node name="MeshInstance3D26" type="MeshInstance3D" parent="Forêt/Arbre"]
transform = Transform3D(-0.0296488, 0, 0.99956, 0, 1, 0, -0.99956, 0, -0.0296488, 1.20656, 4.21923, -1.24022)
material_override = SubResource("StandardMaterial3D_t2ep3")
mesh = SubResource("SphereMesh_0pajm")

[node name="MeshInstance3D27" type="MeshInstance3D" parent="Forêt/Arbre"]
transform = Transform3D(-0.0296488, 0, 0.99956, 0, 1, 0, -0.99956, 0, -0.0296488, 1.19102, 3.8582, -1.76424)
material_override = SubResource("StandardMaterial3D_t2ep3")
mesh = SubResource("SphereMesh_0pajm")

[node name="MeshInstance3D28" type="MeshInstance3D" parent="Forêt/Arbre"]
transform = Transform3D(-0.0296488, 0, 0.99956, 0, 1, 0, -0.99956, 0, -0.0296488, 1.1816, 3.28485, -2.0818)
material_override = SubResource("StandardMaterial3D_t2ep3")
mesh = SubResource("SphereMesh_0pajm")

[node name="MeshInstance3D29" type="MeshInstance3D" parent="Forêt/Arbre"]
transform = Transform3D(-0.0296488, 0, 0.99956, 0, 1, 0, -0.99956, 0, -0.0296488, 1.17193, 2.75424, -2.40792)
material_override = SubResource("StandardMaterial3D_t2ep3")
mesh = SubResource("SphereMesh_0pajm")

[node name="MeshInstance3D30" type="MeshInstance3D" parent="Forêt/Arbre"]
transform = Transform3D(-0.0296488, 0, 0.99956, 0, 1, 0, -0.99956, 0, -0.0296488, 1.17193, 2.18204, -2.40792)
material_override = SubResource("StandardMaterial3D_t2ep3")
mesh = SubResource("SphereMesh_0pajm")

[node name="MeshInstance3D31" type="MeshInstance3D" parent="Forêt/Arbre"]
transform = Transform3D(-0.0296488, 0, 0.99956, 0, 1, 0, -0.99956, 0, -0.0296488, 1.18441, 1.67883, -1.9871)
material_override = SubResource("StandardMaterial3D_t2ep3")
mesh = SubResource("SphereMesh_0pajm")

[node name="MeshInstance3D32" type="MeshInstance3D" parent="Forêt/Arbre"]
transform = Transform3D(-0.0296488, 0, 0.99956, 0, 1, 0, -0.99956, 0, -0.0296488, 1.19209, 1.38262, -1.72813)
material_override = SubResource("StandardMaterial3D_t2ep3")
mesh = SubResource("SphereMesh_0pajm")

[node name="MeshInstance3D33" type="MeshInstance3D" parent="Forêt/Arbre"]
transform = Transform3D(-0.0296488, 0, 0.99956, 0, 1, 0, -0.99956, 0, -0.0296488, 1.19209, 1.38262, -1.72813)
material_override = SubResource("StandardMaterial3D_t2ep3")
mesh = SubResource("SphereMesh_0pajm")

[node name="MeshInstance3D34" type="MeshInstance3D" parent="Forêt/Arbre"]
transform = Transform3D(-0.0296488, 0, 0.99956, 0, 1, 0, -0.99956, 0, -0.0296488, 1.27223, 3.25447, 0.973618)
material_override = SubResource("StandardMaterial3D_t2ep3")
mesh = SubResource("SphereMesh_0pajm")

[node name="MeshInstance3D35" type="MeshInstance3D" parent="Forêt/Arbre"]
transform = Transform3D(-0.0296488, 0, 0.99956, 0, 1, 0, -0.99956, 0, -0.0296488, 1.27223, 2.66906, 0.973618)
material_override = SubResource("StandardMaterial3D_t2ep3")
mesh = SubResource("SphereMesh_0pajm")

[node name="MeshInstance3D36" type="MeshInstance3D" parent="Forêt/Arbre"]
transform = Transform3D(-0.0296488, 0, 0.99956, 0, 1, 0, -0.99956, 0, -0.0296488, 1.27223, 2.06176, 0.973618)
material_override = SubResource("StandardMaterial3D_t2ep3")
mesh = SubResource("SphereMesh_0pajm")

[node name="MeshInstance3D37" type="MeshInstance3D" parent="Forêt/Arbre"]
transform = Transform3D(-0.0296488, 0, 0.99956, 0, 1, 0, -0.99956, 0, -0.0296488, 1.26582, 1.51039, 0.757549)
material_override = SubResource("StandardMaterial3D_t2ep3")
mesh = SubResource("SphereMesh_0pajm")

[node name="MeshInstance3D38" type="MeshInstance3D" parent="Forêt/Arbre"]
transform = Transform3D(-0.0296488, 0, 0.99956, 0, 1, 0, -0.99956, 0, -0.0296488, 1.24771, 1.40429, 0.147041)
material_override = SubResource("StandardMaterial3D_t2ep3")
mesh = SubResource("SphereMesh_0pajm")

[node name="MeshInstance3D39" type="MeshInstance3D" parent="Forêt/Arbre"]
transform = Transform3D(-0.0296488, 0, 0.99956, 0, 1, 0, -0.99956, 0, -0.0296488, 1.23625, 1.40429, -0.239353)
material_override = SubResource("StandardMaterial3D_t2ep3")
mesh = SubResource("SphereMesh_0pajm")

[node name="MeshInstance3D40" type="MeshInstance3D" parent="Forêt/Arbre"]
transform = Transform3D(-0.0296488, 0, 0.99956, 0, 1, 0, -0.99956, 0, -0.0296488, 1.21808, 1.40429, -0.851933)
material_override = SubResource("StandardMaterial3D_t2ep3")
mesh = SubResource("SphereMesh_0pajm")

[node name="MeshInstance3D41" type="MeshInstance3D" parent="Forêt/Arbre"]
transform = Transform3D(-0.0296488, 0, 0.99956, 0, 1, 0, -0.99956, 0, -0.0296488, 1.20659, 1.40429, -1.23921)
material_override = SubResource("StandardMaterial3D_t2ep3")
mesh = SubResource("SphereMesh_0pajm")

[node name="MeshInstance3D43" type="MeshInstance3D" parent="Forêt/Arbre"]
transform = Transform3D(-0.582393, 0, 0.812908, 0, 1, 0, -0.812908, 0, -0.582393, 2.02028, 3.66064, 0.375711)
material_override = SubResource("StandardMaterial3D_t2ep3")
mesh = SubResource("SphereMesh_0pajm")

[node name="MeshInstance3D44" type="MeshInstance3D" parent="Forêt/Arbre"]
transform = Transform3D(-0.582393, 0, 0.812908, 0, 1, 0, -0.812908, 0, -0.582393, 1.79507, 4.04613, 0.0613613)
material_override = SubResource("StandardMaterial3D_t2ep3")
mesh = SubResource("SphereMesh_0pajm")

[node name="MeshInstance3D45" type="MeshInstance3D" parent="Forêt/Arbre"]
transform = Transform3D(-0.582393, 0, 0.812908, 0, 1, 0, -0.812908, 0, -0.582393, 1.54436, 4.21923, -0.288578)
material_override = SubResource("StandardMaterial3D_t2ep3")
mesh = SubResource("SphereMesh_0pajm")

[node name="MeshInstance3D46" type="MeshInstance3D" parent="Forêt/Arbre"]
transform = Transform3D(-0.582393, 0, 0.812908, 0, 1, 0, -0.812908, 0, -0.582393, 1.23592, 4.21923, -0.719103)
material_override = SubResource("StandardMaterial3D_t2ep3")
mesh = SubResource("SphereMesh_0pajm")

[node name="MeshInstance3D47" type="MeshInstance3D" parent="Forêt/Arbre"]
transform = Transform3D(-0.582393, 0, 0.812908, 0, 1, 0, -0.812908, 0, -0.582393, 0.929185, 4.21923, -1.14725)
material_override = SubResource("StandardMaterial3D_t2ep3")
mesh = SubResource("SphereMesh_0pajm")

[node name="MeshInstance3D48" type="MeshInstance3D" parent="Forêt/Arbre"]
transform = Transform3D(-0.582393, 0, 0.812908, 0, 1, 0, -0.812908, 0, -0.582393, 0.623864, 3.8582, -1.57342)
material_override = SubResource("StandardMaterial3D_t2ep3")
mesh = SubResource("SphereMesh_0pajm")

[node name="MeshInstance3D49" type="MeshInstance3D" parent="Forêt/Arbre"]
transform = Transform3D(-0.582393, 0, 0.812908, 0, 1, 0, -0.812908, 0, -0.582393, 0.438839, 3.28485, -1.83168)
material_override = SubResource("StandardMaterial3D_t2ep3")
mesh = SubResource("SphereMesh_0pajm")

[node name="MeshInstance3D50" type="MeshInstance3D" parent="Forêt/Arbre"]
transform = Transform3D(-0.582393, 0, 0.812908, 0, 1, 0, -0.812908, 0, -0.582393, 0.248827, 2.75424, -2.0969)
material_override = SubResource("StandardMaterial3D_t2ep3")
mesh = SubResource("SphereMesh_0pajm")

[node name="MeshInstance3D51" type="MeshInstance3D" parent="Forêt/Arbre"]
transform = Transform3D(-0.582393, 0, 0.812908, 0, 1, 0, -0.812908, 0, -0.582393, 0.248827, 2.18204, -2.0969)
material_override = SubResource("StandardMaterial3D_t2ep3")
mesh = SubResource("SphereMesh_0pajm")

[node name="MeshInstance3D52" type="MeshInstance3D" parent="Forêt/Arbre"]
transform = Transform3D(-0.582393, 0, 0.812908, 0, 1, 0, -0.812908, 0, -0.582393, 0.494014, 1.67883, -1.75466)
material_override = SubResource("StandardMaterial3D_t2ep3")
mesh = SubResource("SphereMesh_0pajm")

[node name="MeshInstance3D53" type="MeshInstance3D" parent="Forêt/Arbre"]
transform = Transform3D(-0.582393, 0, 0.812908, 0, 1, 0, -0.812908, 0, -0.582393, 0.644903, 1.38262, -1.54405)
material_override = SubResource("StandardMaterial3D_t2ep3")
mesh = SubResource("SphereMesh_0pajm")

[node name="MeshInstance3D54" type="MeshInstance3D" parent="Forêt/Arbre"]
transform = Transform3D(-0.582393, 0, 0.812908, 0, 1, 0, -0.812908, 0, -0.582393, 0.644903, 1.38262, -1.54405)
material_override = SubResource("StandardMaterial3D_t2ep3")
mesh = SubResource("SphereMesh_0pajm")

[node name="MeshInstance3D55" type="MeshInstance3D" parent="Forêt/Arbre"]
transform = Transform3D(-0.582393, 0, 0.812908, 0, 1, 0, -0.812908, 0, -0.582393, 2.21907, 3.25447, 0.653187)
material_override = SubResource("StandardMaterial3D_t2ep3")
mesh = SubResource("SphereMesh_0pajm")

[node name="MeshInstance3D56" type="MeshInstance3D" parent="Forêt/Arbre"]
transform = Transform3D(-0.582393, 0, 0.812908, 0, 1, 0, -0.812908, 0, -0.582393, 2.21907, 2.66906, 0.653187)
material_override = SubResource("StandardMaterial3D_t2ep3")
mesh = SubResource("SphereMesh_0pajm")

[node name="MeshInstance3D57" type="MeshInstance3D" parent="Forêt/Arbre"]
transform = Transform3D(-0.582393, 0, 0.812908, 0, 1, 0, -0.812908, 0, -0.582393, 2.21907, 2.06176, 0.653187)
material_override = SubResource("StandardMaterial3D_t2ep3")
mesh = SubResource("SphereMesh_0pajm")

[node name="MeshInstance3D58" type="MeshInstance3D" parent="Forêt/Arbre"]
transform = Transform3D(-0.582393, 0, 0.812908, 0, 1, 0, -0.812908, 0, -0.582393, 2.09318, 1.51039, 0.477465)
material_override = SubResource("StandardMaterial3D_t2ep3")
mesh = SubResource("SphereMesh_0pajm")

[node name="MeshInstance3D59" type="MeshInstance3D" parent="Forêt/Arbre"]
transform = Transform3D(-0.582393, 0, 0.812908, 0, 1, 0, -0.812908, 0, -0.582393, 1.73747, 1.40429, -0.0190392)
material_override = SubResource("StandardMaterial3D_t2ep3")
mesh = SubResource("SphereMesh_0pajm")

[node name="MeshInstance3D60" type="MeshInstance3D" parent="Forêt/Arbre"]
transform = Transform3D(-0.582393, 0, 0.812908, 0, 1, 0, -0.812908, 0, -0.582393, 1.51234, 1.40429, -0.333281)
material_override = SubResource("StandardMaterial3D_t2ep3")
mesh = SubResource("SphereMesh_0pajm")

[node name="MeshInstance3D61" type="MeshInstance3D" parent="Forêt/Arbre"]
transform = Transform3D(-0.582393, 0, 0.812908, 0, 1, 0, -0.812908, 0, -0.582393, 1.15542, 1.40429, -0.83147)
material_override = SubResource("StandardMaterial3D_t2ep3")
mesh = SubResource("SphereMesh_0pajm")

[node name="MeshInstance3D62" type="MeshInstance3D" parent="Forêt/Arbre"]
transform = Transform3D(-0.582393, 0, 0.812908, 0, 1, 0, -0.812908, 0, -0.582393, 0.92977, 1.40429, -1.14643)
material_override = SubResource("StandardMaterial3D_t2ep3")
mesh = SubResource("SphereMesh_0pajm")

[node name="MeshInstance3D64" type="MeshInstance3D" parent="Forêt/Arbre"]
transform = Transform3D(0.710321, 0, 0.703878, 0, 1, 0, -0.703878, 0, 0.710321, 0.241862, 3.66064, 0.29686)
material_override = SubResource("StandardMaterial3D_t2ep3")
mesh = SubResource("SphereMesh_0pajm")

[node name="MeshInstance3D65" type="MeshInstance3D" parent="Forêt/Arbre"]
transform = Transform3D(0.710321, 0, 0.703878, 0, 1, 0, -0.703878, 0, 0.710321, 0.516542, 4.04613, 0.0246716)
material_override = SubResource("StandardMaterial3D_t2ep3")
mesh = SubResource("SphereMesh_0pajm")

[node name="MeshInstance3D66" type="MeshInstance3D" parent="Forêt/Arbre"]
transform = Transform3D(0.710321, 0, 0.703878, 0, 1, 0, -0.703878, 0, 0.710321, 0.822319, 4.21923, -0.278334)
material_override = SubResource("StandardMaterial3D_t2ep3")
mesh = SubResource("SphereMesh_0pajm")

[node name="MeshInstance3D67" type="MeshInstance3D" parent="Forêt/Arbre"]
transform = Transform3D(0.710321, 0, 0.703878, 0, 1, 0, -0.703878, 0, 0.710321, 1.19851, 4.21923, -0.651115)
material_override = SubResource("StandardMaterial3D_t2ep3")
mesh = SubResource("SphereMesh_0pajm")

[node name="MeshInstance3D68" type="MeshInstance3D" parent="Forêt/Arbre"]
transform = Transform3D(0.710321, 0, 0.703878, 0, 1, 0, -0.703878, 0, 0.710321, 1.57263, 4.21923, -1.02184)
material_override = SubResource("StandardMaterial3D_t2ep3")
mesh = SubResource("SphereMesh_0pajm")

[node name="MeshInstance3D69" type="MeshInstance3D" parent="Forêt/Arbre"]
transform = Transform3D(0.710321, 0, 0.703878, 0, 1, 0, -0.703878, 0, 0.710321, 1.94502, 3.8582, -1.39085)
material_override = SubResource("StandardMaterial3D_t2ep3")
mesh = SubResource("SphereMesh_0pajm")

[node name="MeshInstance3D70" type="MeshInstance3D" parent="Forêt/Arbre"]
transform = Transform3D(0.710321, 0, 0.703878, 0, 1, 0, -0.703878, 0, 0.710321, 2.17068, 3.28485, -1.61447)
material_override = SubResource("StandardMaterial3D_t2ep3")
mesh = SubResource("SphereMesh_0pajm")

[node name="MeshInstance3D71" type="MeshInstance3D" parent="Forêt/Arbre"]
transform = Transform3D(0.710321, 0, 0.703878, 0, 1, 0, -0.703878, 0, 0.710321, 2.40243, 2.75424, -1.84412)
material_override = SubResource("StandardMaterial3D_t2ep3")
mesh = SubResource("SphereMesh_0pajm")

[node name="MeshInstance3D72" type="MeshInstance3D" parent="Forêt/Arbre"]
transform = Transform3D(0.710321, 0, 0.703878, 0, 1, 0, -0.703878, 0, 0.710321, 2.40243, 2.18204, -1.84412)
material_override = SubResource("StandardMaterial3D_t2ep3")
mesh = SubResource("SphereMesh_0pajm")

[node name="MeshInstance3D73" type="MeshInstance3D" parent="Forêt/Arbre"]
transform = Transform3D(0.710321, 0, 0.703878, 0, 1, 0, -0.703878, 0, 0.710321, 2.10339, 1.67883, -1.54778)
material_override = SubResource("StandardMaterial3D_t2ep3")
mesh = SubResource("SphereMesh_0pajm")

[node name="MeshInstance3D74" type="MeshInstance3D" parent="Forêt/Arbre"]
transform = Transform3D(0.710321, 0, 0.703878, 0, 1, 0, -0.703878, 0, 0.710321, 1.91935, 1.38262, -1.36542)
material_override = SubResource("StandardMaterial3D_t2ep3")
mesh = SubResource("SphereMesh_0pajm")

[node name="MeshInstance3D75" type="MeshInstance3D" parent="Forêt/Arbre"]
transform = Transform3D(0.710321, 0, 0.703878, 0, 1, 0, -0.703878, 0, 0.710321, 1.91935, 1.38262, -1.36542)
material_override = SubResource("StandardMaterial3D_t2ep3")
mesh = SubResource("SphereMesh_0pajm")

[node name="MeshInstance3D76" type="MeshInstance3D" parent="Forêt/Arbre"]
transform = Transform3D(0.710321, 0, 0.703878, 0, 1, 0, -0.703878, 0, 0.710321, -0.000596896, 3.25447, 0.537119)
material_override = SubResource("StandardMaterial3D_t2ep3")
mesh = SubResource("SphereMesh_0pajm")

[node name="MeshInstance3D77" type="MeshInstance3D" parent="Forêt/Arbre"]
transform = Transform3D(0.710321, 0, 0.703878, 0, 1, 0, -0.703878, 0, 0.710321, -0.000596896, 2.66906, 0.537119)
material_override = SubResource("StandardMaterial3D_t2ep3")
mesh = SubResource("SphereMesh_0pajm")

[node name="MeshInstance3D78" type="MeshInstance3D" parent="Forêt/Arbre"]
transform = Transform3D(0.710321, 0, 0.703878, 0, 1, 0, -0.703878, 0, 0.710321, -0.000596896, 2.06176, 0.537119)
material_override = SubResource("StandardMaterial3D_t2ep3")
mesh = SubResource("SphereMesh_0pajm")

[node name="MeshInstance3D79" type="MeshInstance3D" parent="Forêt/Arbre"]
transform = Transform3D(0.710321, 0, 0.703878, 0, 1, 0, -0.703878, 0, 0.710321, 0.15295, 1.51039, 0.384966)
material_override = SubResource("StandardMaterial3D_t2ep3")
mesh = SubResource("SphereMesh_0pajm")

[node name="MeshInstance3D80" type="MeshInstance3D" parent="Forêt/Arbre"]
transform = Transform3D(0.710321, 0, 0.703878, 0, 1, 0, -0.703878, 0, 0.710321, 0.586796, 1.40429, -0.0449467)
material_override = SubResource("StandardMaterial3D_t2ep3")
mesh = SubResource("SphereMesh_0pajm")

[node name="MeshInstance3D81" type="MeshInstance3D" parent="Forêt/Arbre"]
transform = Transform3D(0.710321, 0, 0.703878, 0, 1, 0, -0.703878, 0, 0.710321, 0.861381, 1.40429, -0.317039)
material_override = SubResource("StandardMaterial3D_t2ep3")
mesh = SubResource("SphereMesh_0pajm")

[node name="MeshInstance3D82" type="MeshInstance3D" parent="Forêt/Arbre"]
transform = Transform3D(0.710321, 0, 0.703878, 0, 1, 0, -0.703878, 0, 0.710321, 1.2967, 1.40429, -0.748411)
material_override = SubResource("StandardMaterial3D_t2ep3")
mesh = SubResource("SphereMesh_0pajm")

[node name="MeshInstance3D83" type="MeshInstance3D" parent="Forêt/Arbre"]
transform = Transform3D(0.710321, 0, 0.703878, 0, 1, 0, -0.703878, 0, 0.710321, 1.57191, 1.40429, -1.02113)
material_override = SubResource("StandardMaterial3D_t2ep3")
mesh = SubResource("SphereMesh_0pajm")

[node name="MeshInstance3D85" type="MeshInstance3D" parent="Forêt/Arbre"]
transform = Transform3D(0.873177, 0, -0.487402, 0, 1, 0, 0.487402, 0, 0.873177, 0.172674, 3.66064, -1.31535)
material_override = SubResource("StandardMaterial3D_t2ep3")
mesh = SubResource("SphereMesh_0pajm")

[node name="MeshInstance3D86" type="MeshInstance3D" parent="Forêt/Arbre"]
transform = Transform3D(0.873177, 0, -0.487402, 0, 1, 0, 0.487402, 0, 0.873177, 0.51033, 4.04613, -1.12687)
material_override = SubResource("StandardMaterial3D_t2ep3")
mesh = SubResource("SphereMesh_0pajm")

[node name="MeshInstance3D87" type="MeshInstance3D" parent="Forêt/Arbre"]
transform = Transform3D(0.873177, 0, -0.487402, 0, 1, 0, 0.487402, 0, 0.873177, 0.886215, 4.21923, -0.917055)
material_override = SubResource("StandardMaterial3D_t2ep3")
mesh = SubResource("SphereMesh_0pajm")

[node name="MeshInstance3D88" type="MeshInstance3D" parent="Forêt/Arbre"]
transform = Transform3D(0.873177, 0, -0.487402, 0, 1, 0, 0.487402, 0, 0.873177, 1.34866, 4.21923, -0.658922)
material_override = SubResource("StandardMaterial3D_t2ep3")
mesh = SubResource("SphereMesh_0pajm")

[node name="MeshInstance3D89" type="MeshInstance3D" parent="Forêt/Arbre"]
transform = Transform3D(0.873177, 0, -0.487402, 0, 1, 0, 0.487402, 0, 0.873177, 1.80855, 4.21923, -0.402214)
material_override = SubResource("StandardMaterial3D_t2ep3")
mesh = SubResource("SphereMesh_0pajm")

[node name="MeshInstance3D90" type="MeshInstance3D" parent="Forêt/Arbre"]
transform = Transform3D(0.873177, 0, -0.487402, 0, 1, 0, 0.487402, 0, 0.873177, 2.26631, 3.8582, -0.146692)
material_override = SubResource("StandardMaterial3D_t2ep3")
mesh = SubResource("SphereMesh_0pajm")

[node name="MeshInstance3D91" type="MeshInstance3D" parent="Forêt/Arbre"]
transform = Transform3D(0.873177, 0, -0.487402, 0, 1, 0, 0.487402, 0, 0.873177, 2.54372, 3.28485, 0.00815582)
material_override = SubResource("StandardMaterial3D_t2ep3")
mesh = SubResource("SphereMesh_0pajm")

[node name="MeshInstance3D92" type="MeshInstance3D" parent="Forêt/Arbre"]
transform = Transform3D(0.873177, 0, -0.487402, 0, 1, 0, 0.487402, 0, 0.873177, 2.8286, 2.75424, 0.167175)
material_override = SubResource("StandardMaterial3D_t2ep3")
mesh = SubResource("SphereMesh_0pajm")

[node name="MeshInstance3D93" type="MeshInstance3D" parent="Forêt/Arbre"]
transform = Transform3D(0.873177, 0, -0.487402, 0, 1, 0, 0.487402, 0, 0.873177, 2.8286, 2.18204, 0.167175)
material_override = SubResource("StandardMaterial3D_t2ep3")
mesh = SubResource("SphereMesh_0pajm")

[node name="MeshInstance3D94" type="MeshInstance3D" parent="Forêt/Arbre"]
transform = Transform3D(0.873177, 0, -0.487402, 0, 1, 0, 0.487402, 0, 0.873177, 2.461, 1.67883, -0.0380211)
material_override = SubResource("StandardMaterial3D_t2ep3")
mesh = SubResource("SphereMesh_0pajm")

[node name="MeshInstance3D95" type="MeshInstance3D" parent="Forêt/Arbre"]
transform = Transform3D(0.873177, 0, -0.487402, 0, 1, 0, 0.487402, 0, 0.873177, 2.23477, 1.38262, -0.164299)
material_override = SubResource("StandardMaterial3D_t2ep3")
mesh = SubResource("SphereMesh_0pajm")

[node name="MeshInstance3D96" type="MeshInstance3D" parent="Forêt/Arbre"]
transform = Transform3D(0.873177, 0, -0.487402, 0, 1, 0, 0.487402, 0, 0.873177, 2.23477, 1.38262, -0.164299)
material_override = SubResource("StandardMaterial3D_t2ep3")
mesh = SubResource("SphereMesh_0pajm")

[node name="MeshInstance3D97" type="MeshInstance3D" parent="Forêt/Arbre"]
transform = Transform3D(0.873177, 0, -0.487402, 0, 1, 0, 0.487402, 0, 0.873177, -0.125373, 3.25447, -1.48172)
material_override = SubResource("StandardMaterial3D_t2ep3")
mesh = SubResource("SphereMesh_0pajm")

[node name="MeshInstance3D98" type="MeshInstance3D" parent="Forêt/Arbre"]
transform = Transform3D(0.873177, 0, -0.487402, 0, 1, 0, 0.487402, 0, 0.873177, -0.125373, 2.66906, -1.48172)
material_override = SubResource("StandardMaterial3D_t2ep3")
mesh = SubResource("SphereMesh_0pajm")

[node name="MeshInstance3D99" type="MeshInstance3D" parent="Forêt/Arbre"]
transform = Transform3D(0.873177, 0, -0.487402, 0, 1, 0, 0.487402, 0, 0.873177, -0.125373, 2.06176, -1.48172)
material_override = SubResource("StandardMaterial3D_t2ep3")
mesh = SubResource("SphereMesh_0pajm")

[node name="MeshInstance3D100" type="MeshInstance3D" parent="Forêt/Arbre"]
transform = Transform3D(0.873177, 0, -0.487402, 0, 1, 0, 0.487402, 0, 0.873177, 0.0633765, 1.51039, -1.37636)
material_override = SubResource("StandardMaterial3D_t2ep3")
mesh = SubResource("SphereMesh_0pajm")

[node name="MeshInstance3D101" type="MeshInstance3D" parent="Forêt/Arbre"]
transform = Transform3D(0.873177, 0, -0.487402, 0, 1, 0, 0.487402, 0, 0.873177, 0.596693, 1.40429, -1.07866)
material_override = SubResource("StandardMaterial3D_t2ep3")
mesh = SubResource("SphereMesh_0pajm")

[node name="MeshInstance3D102" type="MeshInstance3D" parent="Forêt/Arbre"]
transform = Transform3D(0.873177, 0, -0.487402, 0, 1, 0, 0.487402, 0, 0.873177, 0.934231, 1.40429, -0.890253)
material_override = SubResource("StandardMaterial3D_t2ep3")
mesh = SubResource("SphereMesh_0pajm")

[node name="MeshInstance3D103" type="MeshInstance3D" parent="Forêt/Arbre"]
transform = Transform3D(0.873177, 0, -0.487402, 0, 1, 0, 0.487402, 0, 0.873177, 1.46936, 1.40429, -0.591549)
material_override = SubResource("StandardMaterial3D_t2ep3")
mesh = SubResource("SphereMesh_0pajm")

[node name="MeshInstance3D104" type="MeshInstance3D" parent="Forêt/Arbre"]
transform = Transform3D(0.873177, 0, -0.487402, 0, 1, 0, 0.487402, 0, 0.873177, 1.80767, 1.40429, -0.402704)
material_override = SubResource("StandardMaterial3D_t2ep3")
mesh = SubResource("SphereMesh_0pajm")

[node name="MeshInstance3D106" type="MeshInstance3D" parent="Forêt/Arbre"]
transform = Transform3D(0.898411, 0, 0.439155, 0, 1, 0, -0.439155, 0, 0.898411, -0.0403455, 3.66064, -0.111155)
material_override = SubResource("StandardMaterial3D_t2ep3")
mesh = SubResource("SphereMesh_0pajm")

[node name="MeshInstance3D107" type="MeshInstance3D" parent="Forêt/Arbre"]
transform = Transform3D(0.898411, 0, 0.439155, 0, 1, 0, -0.439155, 0, 0.898411, 0.307069, 4.04613, -0.280973)
material_override = SubResource("StandardMaterial3D_t2ep3")
mesh = SubResource("SphereMesh_0pajm")

[node name="MeshInstance3D108" type="MeshInstance3D" parent="Forêt/Arbre"]
transform = Transform3D(0.898411, 0, 0.439155, 0, 1, 0, -0.439155, 0, 0.898411, 0.693816, 4.21923, -0.470022)
material_override = SubResource("StandardMaterial3D_t2ep3")
mesh = SubResource("SphereMesh_0pajm")

[node name="MeshInstance3D109" type="MeshInstance3D" parent="Forêt/Arbre"]
